2D Keypoint Coordinates (UV):
[[ 642.95448303 1277.06492615]
 [ 658.39289093 1376.43652344]
 [ 544.9211731  1300.49130249]
 [ 731.87226105 1176.26548767]
 [ 522.62464905 1602.24230957]
 [ 341.0480957  1476.89450073]
 [ 799.51858139 1012.49433517]
 [ 338.89886475 1775.23449707]
 [ 432.68899536 1719.1651001 ]
 [ 820.91145706  964.27279282]
 [ 249.71185303 1830.73223877]
 [ 328.83425903 1763.88317871]
 [ 891.99111938  795.77560425]
 [ 920.75440979  923.30848694]
 [ 785.41410446  835.34848022]
 [ 921.00869751  712.99633789]
 [1064.74511719  898.79434204]
 [ 682.46977997  757.34677124]
 [1103.83831787 1069.95573425]
 [ 527.93644714  888.28752136]
 [1189.74942017  944.00778961]
 [ 586.46244812  759.25363159]
 [1208.99557495  872.17648315]
 [ 602.80023193  683.5836792 ]]

3D Keypoint Coordinates (Camera Space):
[[-0.04087114  0.08222209  2.4521465 ]
 [-0.03593427  0.11485708  2.4582405 ]
 [-0.07298634  0.09009618  2.4589057 ]
 [-0.01201056  0.04976526  2.4699275 ]
 [-0.07933749  0.18642221  2.4304934 ]
 [-0.13892275  0.14702915  2.448032  ]
 [ 0.01008762 -0.00390439  2.4496138 ]
 [-0.14183359  0.24785636  2.4868217 ]
 [-0.11158684  0.23083067  2.5029316 ]
 [ 0.01707965 -0.01962662  2.4546168 ]
 [-0.17170444  0.26684046  2.493001  ]
 [-0.14648311  0.24633975  2.50955   ]
 [ 0.0400789  -0.07423224  2.444618  ]
 [ 0.04936875 -0.03281152  2.44238   ]
 [ 0.00550504 -0.06156318  2.4515579 ]
 [ 0.04942512 -0.10095231  2.4410915 ]
 [ 0.09597345 -0.0407244   2.4402306 ]
 [-0.02810443 -0.08727385  2.4606774 ]
 [ 0.1073081   0.01454581  2.4103508 ]
 [-0.07865436 -0.04453586  2.4627705 ]
 [ 0.13196439 -0.02521572  2.3596542 ]
 [-0.05827826 -0.08491708  2.4114404 ]
 [ 0.13730231 -0.04747918  2.3478332 ]
 [-0.05282493 -0.10868381  2.4013088 ]]

Translation Vector:
[[-0.04087114  0.08222209  2.4521465 ]]

Focal Length: 7532.357692718506
Image Center: [[ 768.5 1024.5]]
