2D Keypoint Coordinates (UV):
[[588.03138351 346.92260361]
 [590.99842453 366.90360594]
 [561.84198761 354.13414145]
 [612.8316803  342.6535511 ]
 [575.93639374 360.93520278]
 [490.14292908 349.14716434]
 [637.23963523 307.39815903]
 [593.81116867 448.28604126]
 [517.67100525 430.0971756 ]
 [640.33096758 296.25209808]
 [593.58038712 460.32190704]
 [505.28193665 438.08822632]
 [670.77250671 264.83679962]
 [664.32736206 286.61354828]
 [644.86218071 270.38391113]
 [684.78194809 250.34959412]
 [683.11953354 288.21272278]
 [622.34176445 260.55857849]
 [658.00180626 295.68520355]
 [581.99996567 289.93913269]
 [602.04790115 288.80013275]
 [556.68758392 280.44397736]
 [586.41139603 282.86208344]
 [537.89992523 273.28249359]]

3D Keypoint Coordinates (Camera Space):
[[-6.41917810e-02 -1.61532369e-02  1.83014989e+00]
 [-5.97972572e-02  8.42455961e-03  1.80808818e+00]
 [-9.65005755e-02 -7.24249147e-03  1.82938361e+00]
 [-3.42078991e-02 -2.18410846e-02  1.86557198e+00]
 [-7.43929595e-02  1.08599104e-03  1.72055614e+00]
 [-1.83548063e-01 -1.32927801e-02  1.81476736e+00]
 [-3.51820141e-03 -6.70432672e-02  1.88843751e+00]
 [-5.40298074e-02  1.03273399e-01  1.73318458e+00]
 [-1.49331659e-01  8.55702832e-02  1.80871797e+00]
 [ 4.23684716e-04 -8.16062167e-02  1.89673102e+00]
 [-5.32562099e-02  1.15097143e-01  1.69987559e+00]
 [-1.61237806e-01  9.34601799e-02  1.77332950e+00]
 [ 3.96584272e-02 -1.22642681e-01  1.90950584e+00]
 [ 3.08970287e-02 -9.32046548e-02  1.88178539e+00]
 [ 6.30416721e-03 -1.16193704e-01  1.92107797e+00]
 [ 5.76712415e-02 -1.41210347e-01  1.90811563e+00]
 [ 5.35978675e-02 -8.92320648e-02  1.84171259e+00]
 [-2.32070014e-02 -1.30689010e-01  1.94724298e+00]
 [ 2.17171237e-02 -7.75884613e-02  1.78745282e+00]
 [-7.64088631e-02 -9.22977254e-02  1.95192838e+00]
 [-4.61171046e-02 -8.65177885e-02  1.80042326e+00]
 [-1.06310591e-01 -1.01517253e-01  1.89066768e+00]
 [-6.56273812e-02 -9.44670886e-02  1.81451690e+00]
 [-1.30404785e-01 -1.10757783e-01  1.89241278e+00]]

Translation Vector:
[[-0.06419178 -0.01615324  1.8301499 ]]

Focal Length: 1481.6594123840332
Image Center: [[640. 360.]]
