2D Keypoint Coordinates (UV):
[[ 802.16421509  597.46938324]
 [ 785.22483826  547.54728365]
 [ 743.46434021  594.23706436]
 [ 875.22205353  603.86166763]
 [ 716.17695618  515.32317543]
 [ 608.9442749   634.06580353]
 [ 972.44138527  653.23600006]
 [ 565.68777466  539.26896334]
 [ 474.4960022   560.98406982]
 [1004.45227814  660.11164093]
 [ 521.51470947  539.21707445]
 [ 447.04516602  585.65106964]
 [1108.26271057  663.57794189]
 [1071.77339172  645.24504852]
 [1040.04190063  684.67903137]
 [1156.88006592  646.93325043]
 [1096.70904541  620.42159271]
 [1054.03649902  714.89146423]
 [1151.82518005  637.789505  ]
 [ 950.11137676  783.10621643]
 [1249.49310303  697.9875946 ]
 [1051.54708099  857.53085327]
 [1291.81140137  714.72012329]
 [1098.04785156  875.79776001]]

3D Keypoint Coordinates (Camera Space):
[[-8.8326089e-02  3.2160297e-02  2.8168428e+00]
 [-9.8325044e-02  4.2459518e-03  2.8318059e+00]
 [-1.2082192e-01  3.0263036e-02  2.8086357e+00]
 [-4.7016341e-02  3.5416543e-02  2.7915475e+00]
 [-1.4082730e-01 -1.4252838e-02  2.9073088e+00]
 [-1.9826636e-01  5.3125709e-02  2.8428378e+00]
 [ 6.8269223e-03  6.2135637e-02  2.7620740e+00]
 [-2.3165694e-01 -4.2948127e-04  2.9572237e+00]
 [-2.7913761e-01  1.2064666e-02  2.8940408e+00]
 [ 2.4322048e-02  6.5719038e-02  2.7541349e+00]
 [-2.5964659e-01 -4.6360493e-04  2.9806204e+00]
 [-2.9808107e-01  2.6528105e-02  2.9250572e+00]
 [ 8.0212809e-02  6.6857904e-02  2.7232711e+00]
 [ 6.1333559e-02  5.7751253e-02  2.7620964e+00]
 [ 4.3171309e-02  7.8033924e-02  2.7149193e+00]
 [ 1.0581810e-01  5.7473943e-02  2.7054362e+00]
 [ 7.6210476e-02  4.4832200e-02  2.8060570e+00]
 [ 4.9947791e-02  9.2894167e-02  2.6736152e+00]
 [ 1.0898339e-01  5.5558041e-02  2.8597875e+00]
 [-5.2330196e-03  1.2865081e-01  2.6637630e+00]
 [ 1.6527811e-01  9.0198666e-02  2.8737979e+00]
 [ 4.8591055e-02  1.6853797e-01  2.6717198e+00]
 [ 1.8952978e-01  9.9799663e-02  2.8751812e+00]
 [ 7.3347859e-02  1.7841674e-01  2.6744647e+00]]

Translation Vector:
[[-0.08832609  0.0321603   2.8168428 ]]

Focal Length: 5033.604621887207
Image Center: [[960. 540.]]
